1000895
1003256
1004651
1005890
1007240
1010112
1010187
1011746
1013497
1013539
1018385
1020363
1020774
1021287
1023773
1024883
1025518
1026475
1026647
1027114
1027901
1029775
1031428
1033357
1033634
1034396
1034647
1034661
1035246
1035648
1036471
1036836
1038614
1040746
1041269
1045432
1047789
1048176
1048447
1048623
1051289
1052090
1052340
1059014
1059353
1061445
1062593
1063832
1064866
1065558
1066879
1067312
1068550
1070782
1070886
1072325
1074390
1075166
1075657
1075681
1075883
1077282
1078973
1080572
1082263
1084727
1085032
1089823
1092211
1094278
1095375
1096455
1097932
1098881
1099365
1100006
1103422
1103504
1104371
1104492
1105032
1105129
1106227
1106620
1108116
1109393
1110275
1110342
1111495
1114299
1114918
1114933
1117875
1118661
1121084
1121424
1123695
1123757
1125216
1126060
1126311
1127746
1128361
1128682
1128766
1131587
1132305
1132989
1136528
1137299
1137471
1137804
1138634
1139110
1140332
1140422
1141267
1142198
1142872
1143514
1146665
1147825
1149212
1150138
1151266
1151817
1153035
1153178
1153680
1154334
1154418
1155317
1156129
1156318
1156592
1156906
1159193
1160674
1165575
1166941
1167503
1168047
1168968
1173182
1173349
1174394
1176216
1177423
1179281
1179402
1179885
1180283
1180737
1180763
1182223
1185631
1186481
1186712
1187598
1187785
1187832
1188394
1189714
1191466
1192734
1194751
1195635
1198511
1199009
1199070
1199226
1199294
1199819
1200287
1200621
1205084
1205373
1206222
1206865
1207680
1207759
1208379
1209363
1212881
1214032
1215250
1215283
1216435
1216795
1218038
1218310
1218441
1219901
1220444
1221141
1221380
1223752
1224631
1225059
1225712
1226948
1227955
1230175
1230310
1230334
1231173
1232062
1232260
1234109
1234774
1234800
1236422
1236897
1237078
1237412
1238851
1239460
1241051
1243142
1243364
1243511
1245355
1249584
1250128
1250413
1251105
1251734
1253156
1253432
1255174
1255460
1255761
1256056
1257600
1257919
1259328
1262026
1263017
1263233
1264554
1265480
1266568
1266988
1267041
1267760
1267806
1267810
1267834
1267989
1270544
1272137
1272411
1273093
1273425
1273453
1273582
1273899
1274623
1275839
1276006
1276271
1277215
1279945
1280876
1282851
1284177
1284874
1286505
1286697
1286802
1287291
1287715
1289992
1290149
1290308
1291980
1292315
1293293
1293318
1293466
1293622
1294007
1294189
1294404
1295024
1295225
1295346
1296401
1296914
1298322
1298708
1299042
1299316
1301303
1302521
1303680
1303734
1305159
1306027
1306684
1306863
1307484
1308014
1308307
1308488
1308935
1311494
1312525
1312613
1313337
1315339
1318261
1320325
1321312
1321918
1322314
1322452
1323052
1323261
1325385
1327925
1328671
1329027
1332625
1339502
1340415
1340584
1341313
1341395
1341655
1341991
1343068
1343074
1344592
1344815
1346713
1347753
1348785
1349364
1350591
1352410
1352737
1353501
1353978
1354180
1356750
1357692
1358269
1359725
1359774
1363165
1363504
1366726
1368040
1369352
1369706
1369930
1371603
1373487
1373613
1374436
1374659
1376706
1376759
1378476
1378537
1379935
1381473
1383112
1384127
1386147
1387276
1387967
1389727
1391048
1391705
1392892
1394882
1395741
1395829
1396082
1396274
1398844
1398928
1402142
1402972
1403883
1404200
1410941
1411571
1414505
1414606
1416797
1418185
1418338
1418712
1419307
1420886
1422349
1423104
1428423
1429483
1430298
1432321
1434663
1435451
1435609
1435684
1436349
1437956
1438435
1438761
1439981
1440424
1441899
1442298
1444090
1447154
1447211
1448054
1448164
1448710
1450847
1451094
1452158
1453134
1454786
1454862
1456202
1459531
1461997
1464243
1464927
1468461
1468798
1469777
1470926
1472728
1473389
1474856
1474917
1475116
1475471
1476529
1476665
1477594
1480635
1483561
1484467
1486742
1489286
1490017
1490304
1492615
1494837
1496228
1497882
1498479
1499165
1499378
1499897
1500623
1502714
1503491
1505722
1507712
1510849
1512187
1512992
1513593
1514173
1514541
1515129
1516587
1516620
1517645
1518510
1519595
1519823
1520197
1521412
1521894
1523387
1524633
1526025
1526049
1526189
1526796
1527884
1528447
1529699
1534223
1535834
1536267
1536631
1536745
1536903
1539459
1539861
1540503
1544554
1545085
1547834
1549618
1549880
1550401
1550607
1550773
1551874
1553673
1554198
1554300
1555971
1557557
1558047
1560381
1560817
1561963
1562410
1563322
1563501
1563679
1564559
1564646
1567458
1573455
1574437
1575744
1577281
1578673
1578995
1580187
1583847
1584161
1586461
1588086
1588385
1592546
1592817
1593329
1594364
1594901
1597720
1604667
1608612
1608862
1609479
1611168
1612126
1612659
1614690
1615060
1615812
1615981
1616006
1617258
1617397
1617931
1618259
1618405
1619423
1619656
1619872
1621279
1621426
1622647
1627073
1628407
1629365
1629606
1630170
1631485
1635004
1636027
1638604
1640276
1640281
1640900
1641190
1643117
1643799
1643959
1646385
1648816
1651587
1652114
1653535
1654105
1655481
1656051
1656090
1656542
1656617
1658697
1661431
1661791
1663283
1665239
1665700
1666926
1667027
1668029
1668415
1669534
1671185
1671322
1672939
1673137
1673189
1673583
1675124
1675551
1677985
1678175
1678187
1680328
1680718
1680802
1681577
1682861
1683010
1683874
1685038
1686371
1688102
1689985
1690034
1692805
1693461
1698390
1699233
1700820
1702315
1704101
1704871
1706680
1709141
1710048
1710615
1714457
1715138
1715394
1716303
1716564
1717374
1724533
1724694
1725333
1725776
1726133
1726822
1727365
1730409
1733113
1738159
1738658
1738923
1740078
1740198
1740293
1740439
1741740
1745655
1746514
1750345
1750455
1751284
1751416
1752313
1753307
1753590
1754557
1754774
1754867
1756639
1757451
1759545
1759632
1761979
1762700
1765437
1768221
1769695
1770221
1770427
1770542
1770969
1771606
1772203
1773060
1774777
1775213
1775828
1776889
1780556
1783970
1784078
1784872
1786454
1789364
1789963
1790208
1790550
1792434
1795916
1797304
1798451
1799731
1800002
1800191
1801120
1802865
1803688
1804516
1805030
1805307
1805551
1805986
1808388
1812390
1813426
1816379
1816574
1816609
1817000
1823917
1823935
1824731
1825700
1826142
1826859
1828119
1828218
1828282
1828538
1829683
1834024
1835105
1836946
1837321
1839396
1840578
1842316
1842611
1842648
1842856
1843589
1844691
1845529
1845614
1846407
1849051
1850006
1850983
1851008
1852310
1853024
1854567
1855962
1856205
1857381
1857871
1857913
1858559
1858709
1859178
1860176
1861183
1862921
1865116
1865228
1865486
1866294
1868705
1870036
1870213
1871050
1872017
1874414
1874787
1876913
1877986
1878735
1879630
1881479
1882087
1884330
1886745
1892717
1896800
1902667
1903544
1904483
1904599
1909203
1912216
1914119
1914132
1914146
1916012
1919261
1919295
1922238
1922732
1924204
1928681
1928777
1929332
1929690
1930376
1931327
1932809
1935151
1937489
1938714
1939530
1944989
1945607
1946739
1950069
1951324
1952513
1952788
1953713
1954361
1954370
1954853
1957763
1962315
1963341
1963730
1964049
1965687
1965862
1965926
1966279
1968322
1968501
1972846
1976003
1976028
1976057
1977733
1978015
1978149
1978203
1978545
1980644
1981282
1982988
1983259
1983557
1983753
1984462
1986310
1987457
1988626
1988791
1989961
1990977
1991645
1994123
1994603
1995719
1995923
1996444
1998497
1999775
2000318
2000341
2001368
2002859
2003711
2005589
2006066
2007836
2009637
2011388
2011630
2012565
2016547
2017830
2019246
2019421
2019512
2019726
2020621
2021292
2021495
2021504
2022715
2023006
2023260
2023874
2032630
2032777
2033536
2036325
2036488
2036943
2037049
2037741
2040482
2040827
2044138
2044478
2046585
2046666
2047906
2052909
2055385
2055706
2056849
2058008
2058051
2058184
2058210
2059695
2059863
2060449
2060615
2060987
2061277
2061670
2063632
2065394
2065731
2068735
2069769
2070915
2072757
2076560
2078923
2079578
2082037
2082709
2082784
2082918
2083762
2084013
2086815
2087520
2088264
2092601
2093303
2094355
2095065
2095917
2096131
2096276
2097301
2098038
2098441
2098827
2099268
2100090
2100161
2101158
2101802
2102281
2103002
2103607
2105908
2107128
2107268
2107717
2108620
2109356
2109667
2109983
2110327
2110612
2110859
2110963
2112730
2117476
2117905
2119519
2120434
2121417
2122697
2123106
2123329
2124350
2124940
2125773
2126775
2129921
2130582
2131840
2134515
2135985
2136007
2137179
2138651
2139009
2140674
2141309
2143287
2143469
2143485
2143922
2143938
2146203
2150290
2150741
2152620
2153322
2154242
2154559
2157002
2157839
2161530
2166141
2166929
2167782
2168918
2168933
2168941
2170265
2171878
2172629
2173638
2173863
2174158
2174194
2174448
2175391
2176556
2177407
2177658
2178790
2180490
2181374
2181488
2181648
2182346
2185655
2186301
2186389
2187149
2187683
2188101
2188266
2188995
2189302
2190630
2192006
2192062
2192594
2194731
2196593
2197204
2199339
2199804
2200216
2200717
2201887
2207927
2207978
2209802
2211039
2211698
2212554
2214596
2215064
2215204
2216459
2216740
2218795
2219839
2225301
2227459
2229704
2232707
2233341
2233412
2234404
2236401
2236674
2237705
2238950
2239283
2240911
2241172
2243976
2244190
2246318
2247644
2250071
2252865
2253212
2254962
2257234
2261364
2262838
2263849
2266270
2266567
2267255
2267808
2269491
2270379
2274119
2275442
2276643
2278239
2278621
2280554
2281407
2281615
2281750
2283353
2284446
2284654
2285970
2287355
2288385
2288458
2288851
2288866
2290081
2290219
2292290
2293036
2297108
2299248
2299910
2303892
2304443
2305139
2306492
2306541
2306601
2307352
2308962
2309170
2313578
2315648
2318529
2319552
2319786
2319845
2320143
2320367
2321960
2322142
2322157
2322225
2322897
2323070
2324393
2327955
2328303
2328767
2328947
2329329
2332120
2333856
2334358
2334824
2335796
2338401
2340983
2341542
2342496
2343332
2346740
2347189
2347404
2348072
2350305
2352333
2355471
2355506
2356095
2357905
2359477
2359645
2359956
2362001
2362149
2362804
2363029
2365596
2366826
2369217
2369978
2370838
2371982
2372074
2373371
2373975
2374644
2377112
2377907
2379730
2379894
2381638
2382942
2383228
2384667
2389310
2389345
2391056
2391112
2391201
2391294
2391630
2392023
2394068
2395041
2395176
2396522
2397637
2399100
2403402
2403804
2404983
2405818
2405904
2406922
2407250
2408000
2408067
2410028
2410884
2411893
2413121
2415320
2415616
2416021
2417047
2417968
2419516
2419872
2421426
2422781
2423372
2423432
2424406
2424740
2424813
2426272
2428425
2429956
2435020
2435425
2438278
2442698
2443656
2444411
2447719
2449124
2449497
2450549
2452274
2454734
2454797
2457678
2458448
2458505
2459474
2461468
2461791
2463250
2465115
2465755
2468385
2469979
2470086
2470377
2471526
2475219
2475861
2475943
2477542
2478968
2479249
2479438
2480194
2482349
2482539
2482693
2483679
2483739
2484131
2484941
2485289
2487054
2487706
2491879
2492272
2492907
2493771
2494746
2501120
2501618
2502121
2502814
2504609
2505512
2506402
2506761
2507394
2510138
2510774
2511767
2512116
2514373
2514529
2514968
2515036
2515803
2518316
2518636
2518669
2518701
2521036
2522589
2523497
2523636
2524503
2525733
2526798
2531153
2531664
2532493
2533672
2535607
2535759
2537455
2540854
2542847
2543825
2544153
2545418
2547164
2547463
2547999
2548531
2549904
2549920
2550624
2550787
2553438
2554069
2554518
2555801
2555837
2558257
2558933
2559556
2559710
2559721
2560041
2561556
2563138
2564205
2564331
2564971
2565627
2565820
2569448
2570162
2570857
2571858
2576376
2576477
2576578
2577677
2577685
2578207
2579187
2581187
2585000
2585504
2585608
2586489
2587188
2588682
2588905
2592717
2594653
2595403
2595932
2596138
2600748
2601386
2603861
2604879
2605854
2607379
2608320
2609924
2610574
2610799
2611042
2611726
2611954
2613424
2616660
2618080
2620616
2622284
2622694
2624959
2625701
2625929
2626174
2628418
2628681
2630007
2630578
2630947
2633338
2634026
2637218
2638973
2640250
2640740
2641713
2642049
2642140
2643197
2647190
2652547
2653072
2653709
2654526
2654950
2658963
2659777
2660627
2660893
2662301
2667052
2668964
2669205
2669935
2671170
2671800
2672263
2674329
2675046
2678573
2679150
2679797
2681035
2682091
2682684
2686418
2689163
2691189
2691266
2693311
2693570
2696781
2696858
2697845
2698604
2699499
2700551
2703966
2705797
2706853
2707263
2707359
2708427
2710373
2711615
2711764
2716608
2716675
2720686
2721662
2723393
2723808
2723844
2723930
2730706
2731428
2734656
2735392
2735590
2736015
2736885
2737768
2740106
2745716
2746074
2746452
2749479
2749931
2750168
2750795
2751061
2752581
2753553
2754688
2755447
2756494
2760765
2761003
2761291
2764440
2765111
2767026
2767058
2767153
2769011
2770854
2771327
2775916
2777279
2777890
2779855
2783644
2784764
2785487
2786133
2787275
2787505
2787898
2788203
2790249
2791304
2792211
2794701
2794715
2795605
2795852
2795967
2796263
2796832
2802665
2803000
2803319
2803743
2803994
2804803
2805863
2808375
2812380
2813088
2813148
2815455
2817035
2817119
2817773
2818293
2820094
2820632
2821502
2821793
2822768
2823408
2823516
2823730
2823837
2823934
2824527
2825268
2827727
2829737
2831473
2831884
2832422
2832552
2832717
2832754
2832989
2833748
2834999
2835243
2835481
2835874
2839881
2840033
2841653
2843599
2843985
2845040
2845979
2847655
2849007
2849984
2850464
2852941
2853680
2853823
2854139
2856840
2857786
2859217
2859481
2860105
2860440
2861403
2863448
2864934
2865822
2866691
2867581
2869114
2869249
2871284
2872006
2872322
2872600
2873884
2875436
2879955
2880895
2884963
2885320
2886006
2886739
2888122
2889211
2889318
2889355
2890567
2891695
2891997
2893646
2894618
2896376
2896493
2898231
2898332
2900072
2901517
2901603
2902503
2902824
2902882
2902969
2903973
2904357
2904961
2905989
2906320
2907912
2907951
2908849
2908868
2909246
2910121
2910238
2911609
2913417
2914442
2914589
2917772
2919949
2924541
2925186
2925568
2925962
2926809
2934508
2935149
2935650
2937298
2937807
2938783
2941544
2941809
2943289
2943306
2943496
2943628
2947460
2948871
2949727
2954363
2956391
2956484
2956926
2957160
2959265
2960392
2960971
2964207
2965146
2965218
2969858
2972521
2973029
2976379
2976516
2977157
2980561
2981991
2982213
2982637
2983357
2984091
2984962
2985652
2985861
2986506
2987234
2987749
2988827
2989041
2990007
2991082
2992118
2992715
2993880
2994804
2995306
2995586
2995748
2998005
3002674
3004152
3004927
3006493
3010523
3012290
3013449
3013500
3014364
3016169
3016618
3018833
3020292
3021426
3021976
3022102
3022248
3022863
3023039
3023161
3023867
3024943
3025242
3026215
3027309
3027594
3027787
3029275
3030753
3031080
3031330
3031546
3031606
3031835
3031961
3032534
3032900
3034151
3035085
3035944
3037548
3038794
3040795
3041201
3042904
3044053
3048655
3051133
3052585
3055104
3057443
3058137
3058328
3058688
3059923
3060289
3066103
3066593
3067910
3068279
3068584
3069417
3070616
3072004
3073485
3073564
3073755
3074695
3074742
3075551
3076015
3077920
3077969
3078560
3078769
3081055
3082462
3084619
3085123
3085496
3086197
3087584
3087851
3088525
3090193
3090271
3090403
3090751
3090825
3090919
3093350
3094987
3095064
3096813
3097779
3099616
3100546
3103499
3105418
3105883
3108204
3108507
3110146
3111309
3113158
3113922
3114064
3115856
3116192
3120154
3120826
3121028
3121459
3123642
3124440
3125457
3126245
3127924
3129052
3129912
3130603
3130931
3131899
3132641
3134514
3136268
3137135
3139893
3141138
3142630
3143608
3145444
3147140
3148344
3148435
3148924
3149808
3151127
3151692
3152324
3153113
3153879
3154076
3154227
3154392
3155390
3156123
3158106
3159025
3159223
3160363
3161532
3164777
3166408
3166889
3171933
3175150
3175759
3175981
3176370
3177263
3178389
3178514
3178800
3179269
3179277
3181574
3181781
3182928
3183534
3185245
3185288
3188862
3189263
3189878
3191827
3196164
3196385
3199410
3199575
3199809
3199861
3202188
3203995
3204102
3204959
3205636
3205856
3208665
3210008
3210707
3211189
3216840
3217103
3217253
3217915
3218508
3218636
3218763
3219235
3219766
3220832
3221371
3223057
3225016
3227324
3228043
3228522
3228607
3229605
3230118
3230380
3230693
3231001
3231107
3231709
3233077
3234438
3234511
3235538
3236572
3237614
3237657
3238288
3239236
3240578
3240634
3246626
3247942
3249432
3250193
3251780
3253873
3254048
3255117
3255248
3255490
3255962
3256473
3256847
3257796
3259304
3260033
3263882
3270329
3272649
3273738
3274682
3276314
3276477
3276782
3277539
3280192
3281258
3287908
3290703
3291462
3293805
3294311
3296841
3297214
3297351
3300225
3300771
3300806
3301060
3301377
3302367
3302661
3303985
3307361
3307905
3308048
3311245
3313231
3314371
3314492
3314899
3315211
3316250
3319710
3320803
3321553
3322866
3323203
3323562
3323605
3325363
3326420
3328735
3331424
3331736
3337425
3339544
3340530
3340542
3340952
3343999
3344699
3345814
3346613
3346863
3348196
3349476
3350385
3352500
3352689
3352865
3354379
3354921
3360376
3360505
3360621
3360645
3360688
3360947
3361231
3361253
3362325
3362445
3368549
3369792
3370324
3371118
3375501
3375739
3377149
3378532
3378802
3386456
3389900
3390971
3393966
3394754
3396600
3397272
3397748
3398405
3399451
3401663
3401814
3402964
3403462
3407236
3407531
3408086
3408509
3409486
3412207
3412651
3414440
3415708
3417885
3419881
3420759
3422317
3422354
3422828
3423194
3424889
3427113
3429253
3429511
3431810
3432943
3433442
3440246
3441228
3441366
3441605
3442115
3442843
3443416
3451487
3451799
3451962
3452522
3454868
3454880
3455660
3457998
3458041
3459237
3460417
3462952
3468260
3469030
3469459
3470395
3472151
3473055
3474270
3477342
3477854
3479616
3481043
3481105
3481348
3481509
3482083
3482638
3483044
3485559
3485664
3487563
3488159
3488939
3489194
3491817
3493522
3494529
3494846
3496204
3496220
3497548
3499034
3499919
3500021
3501841
3504966
3505367
3506763
3507287
3508153
3510697
3511199
3511280
3513254
3513905
3515397
3516407
3517029
3518695
3519731
3520131
3522389
3523050
3523423
3523475
3525438
3527036
3527209
3529057
3530102
3530382
3531648
3533022
3533373
3534653
3535572
3537471
3538244
3538755
3542837
3543581
3543686
3543731
3544374
3545877
3546418
3546980
3548197
3549016
3551016
3554321
3556703
3558462
3558847
3562830
3564269
3566498
3568345
3569413
3570400
3571881
3573497
3575007
3575532
3576350
3577703
3580701
3580960
3582068
3582163
3582662
3586384
3586594
3586723
3587628
3588090
3588977
3589293
3590256
3592200
3592674
3593996
3594540
3594667
3594712
3595288
3595948
3596621
3597307
3597986
3601306
3601793
3602051
3602780
3602818
3603531
3603934
3606942
3607803
3608766
3610238
3612119
3613001
3613015
3613454
3614563
3620905
3623292
3623963
3624106
3625083
3625889
3626636
3627101
3629146
3631981
3632826
3633514
3633731
3634758
3638188
3640408
3641227
3642675
3643720
3645428
3645739
3646221
3647982
3648126
3648802
3651425
3653575
3653677
3654599
3655697
3655733
3658976
3660155
3660307
3660822
3660902
3661471
3662223
3662290
3662645
3664391
3670326
3671266
3671970
3672770
3673415
3673965
3675077
3675371
3675431
3676046
3676934
3677413
3679515
3679892
3682640
3682908
3683621
3686214
3686387
3690767
3690995
3691409
3692648
3693286
3694498
3696335
3698129
3699855
3702504
3702511
3702994
3703846
3707486
3707605
3708697
3709480
3712326
3714074
3714947
3716440
3719014
3719155
3723088
3724869
3725151
3726284
3726360
3726431
3727887
3729904
3731635
3731833
3732931
3733845
3739458
3739762
3740345
3740560
3741468
3742932
3744195
3747064
3747154
3747889
3747894
3748191
3748773
3749811
3751390
3756430
3757190
3757603
3758432
3759032
3759379
3759962
3760431
3762866
3763869
3764831
3766074
3766688
3766886
3767003
3768055
3769953
3770041
3770552
3771844
3772300
3776603
3777034
3777825
3778431
3778865
3779049
3780075
3780635
3781007
3781519
3782230
3782738
3782795
3783218
3784980
3788264
3792694
3792842
3793718
3794269
3797170
3799623
3800363
3800446
3801452
3801829
3803086
3803224
3805803
3806102
3808232
3808929
3810103
3810484
3812220
3812580
3813012
3813599
3814205
3815390
3816373
3816704
3817739
3818036
3819290
3822376
3822381
3823134
3823238
3824901
3825191
3825616
3825625
3826515
3827614
3828090
3828948
3829553
3835358
3840584
3841185
3841499
3843158
3844906
3845693
3845737
3850898
3852278
3853708
3853787
3855013
3855187
3855665
3857440
3858609
3860260
3860594
3861075
3861879
3863383
3865661
3867068
3868545
3868784
3869132
3869976
3871123
3874031
3875593
3876808
3877295
3879030
3881575
3882972
3883628
3885558
3886023
3886818
3890258
3890711
3891222
3894221
3894389
3895718
3895854
3897781
3898607
3899366
3900971
3901390
3902662
3903615
3905674
3908599
3908654
3909656
3909730
3909776
3909826
3909840
3909959
3909962
3911727
3912045
3915477
3915871
3916511
3916821
3917959
3920039
3920882
3923797
3924479
3925020
3925912
3927548
3927585
3927735
3928459
3929169
3929298
3930556
3930616
3931563
3931816
3933007
3933854
3935669
3937920
3939142
3939743
3939859
3940518
3941252
3944679
3944766
3946755
3951535
3952195
3952301
3953962
3954314
3955798
3956241
3956616
3957036
3957213
3957727
3958558
3959715
3959809
3960211
3960894
3961205
3962963
3964098
3965021
3965919
3966372
3966419
3966427
3967257
3969052
3973868
3976106
3979660
3980442
3983548
3984317
3985078
3985858
3987697
3989875
3990165
3990383
3991458
3991463
3994772
3994794
3995521
3995588
3995664
3996144
3999886
4000891
4001020
4001727
4001830
4002120
4003353
4003902
4004617
4005092
4006207
4006806
4007863
4010318
4010324
4010574
4012199
4018239
4018251
4018956
4018961
4019110
4020132
4020348
4020797
4021148
4021558
4022951
4024703
4025167
4028373
4030469
4033298
4036162
4037401
4038714
4038730
4042477
4043764
4044332
4044585
4045463
4045653
4045839
4045957
4047711
4047850
4048753
4048948
4049781
4050912
4050939
4052472
4054499
4055372
4055432
4055841
4055920
4057566
4058082
4058327
4058666
4064733
4064961
4065926
4066071
4067449
4070696
4071262
4072864
4073130
4073383
4074085
4074492
4074640
4075091
4076488
4077101
4079957
4080067
4081060
4082475
4083326
4083542
4085040
4085454
4086571
4087313
4087950
4088197
4088944
4088987
4089956
4090792
4091835
4092203
4092230
4092443
4092885
4092967
4095329
4095966
4098822
4099807
4099831
4101002
4101119
4103023
4103707
4104620
4105486
4106289
4106345
4108329
4108601
4108746
4109126
4109194
4110442
4110600
4110723
4110983
4112061
4112642
4112720
4113593
4114944
4117239
4117436
4118691
4121220
4121592
4121872
4122734
4123257
4124403
4124723
4124978
4126645
4127246
4127884
4130168
4130510
4130664
4131112
4132326
4133211
4134290
4135391
4135456
4138229
4138991
4141733
4142804
4143191
4143218
4143773
4144496
4146894
4147274
4147806
4148685
4149600
4149919
4149978
4151120
4152567
4153532
4153796
4154714
4154863
4155895
4156678
4157993
4159165
4159548
4160411
4160634
4162508
4162838
4163775
4163983
4164443
4164756
4167616
4171030
4172079
4172771
4173009
4173560
4176113
4176768
4179048
4179431
4180190
4180665
4181626
4181778
4182414
4182499
4185741
4186409
4187423
4189486
4191257
4191691
4191885
4192244
4192700
4192898
4193238
4195183
4195965
4196217
4196414
4196880
4198833
4199019
4199252
4200006
4202144
4202819
4202949
4203806
4204145
4206410
4206497
4208941
4209279
4209522
4212587
4216036
4216416
4217426
4218204
4218549
4219170
4222671
4223382
4225552
4226595
4228104
4228152
4229960
4230638
4231421
4233657
4236698
4237168
4238189
4238550
4240199
4240862
4241385
4241928
4242959
4243599
4245979
4247059
4248778
4248783
4250273
4251365
4251700
4251796
4252149
4252852
4254226
4255335
4256091
4256801
4256858
4257364
4260282
4260595
4261104
4261193
4263314
4264211
4268237
4268272
4272062
4274491
4275505
4276096
4276350
4278607
4279605
4282049
4283658
4286831
4289412
4289466
4289516
4290398
4290658
4291872
4293885
4295315
4297410
4299258
4299502
4300233
4300352
4300649
4300890
4302343
4303115
4303970
4305895
4307405
4307528
4309862
4310394
4310920
4311266
4311673
4312646
4313823
4314455
4318590
4318838
4321533
4321579
4321732
4323283
4323523
4324904
4329153
4329339
4329562
4329597
4332532
4336338
4337056
4338326
4338405
4339027
4340314
4340697
4340724
4341231
4342445
4344709
4345603
4346048
4347127
4348333
4348910
4349044
4349075
4351602
4352201
4352517
4355318
4355439
4355580
4356065
4357411
4359098
4361119
4361692
4364809
4365869
4368145
4368637
4368783
4369314
4372851
4376328
4376843
4378079
4378552
4379306
4380820
4390549
4391737
4391998
4393916
4394440
4394513
4396841
4398025
4398137
4400836
4402565
4402671
4402911
4403204
4404314
4406054
4409227
4409316
4411248
4412762
4417497
4417575
4419554
4420526
4422151
4424480
4427140
4428632
4428852
4429595
4431119
4431233
4431267
4431282
4432423
4435339
4435460
4435619
4437465
4438474
4441227
4441884
4443166
4445073
4445322
4447678
4450777
4453179
4455477
4455782
4457889
4460590
4465098
4467864
4469703
4469781
4470904
4472597
4472933
4476379
4480002
4480721
4480903
4484945
4485838
4486257
4487977
4488496
4489225
4490532
4490909
4492003
4493932
4494125
4496579
4497981
4498143
4500044
4501208
4501328
4502709
4505354
4508076
4508856
4515323
4515605
4517430
4518803
4519275
4523492
4523719
4524926
4525844
4527400
4528109
4529300
4529962
4530555
4530672
4530923
4532119
4532164
4532282
4534136
4535450
4535920
4537196
4537291
4537701
4538332
4540164
4541739
4541880
4542492
4543189
4547920
4548240
4548310
4548665
4551461
4553790
4554214
4554738
4557377
4559087
4559749
4561419
4563845
4564386
4564615
4567031
4567303
4567493
4569320
4569509
4569887
4571479
4575082
4575577
4576311
4576556
4577354
4583175
4584489
4586363
4586643
4588564
4588909
4589209
4589302
4590482
4591386
4592775
4593167
4593523
4593539
4595016
4596378
4596447
4598788
4601664
4602606
4603719
4604470
4605279
4605489
4607321
4608896
4612006
4612667
4612868
4614394
4619588
4620405
4620952
4621404
4622996
4624769
4625386
4625468
4625803
4625842
4625865
4628141
4628421
4629476
4634466
4635693
4636308
4636562
4636619
4637245
4639470
4639845
4639926
4641799
4642233
4642538
4642759
4642965
4643955
4644775
4647003
4647813
4647917
4648888
4650089
4651009
4651657
4653277
4654328
4654532
4655000
4655225
4656509
4657732
4658537
4659986
4660408
4660531
4666565
4667214
4669284
4671520
4672307
4672917
4673457
4674281
4674784
4676093
4676284
4678962
4679288
4680148
4680286
4680927
4681170
4681503
4683413
4684256
4684689
4688281
4688521
4690845
4693340
4693707
4695486
4696397
4699080
4699092
4701757
4701837
4702119
4703351
4706053
4707141
4708834
4708958
4709793
4710772
4712239
4715071
4715183
4715556
4716946
4717359
4717467
4718643
4718660
4720079
4720926
4721296
4721348
4721710
4721930
4722695
4722815
4725040
4725761
4725852
4726139
4726237
4727428
4728672
4729381
4729871
4735876
4736423
4737447
4738264
4740180
4741846
4743382
4744189
4744583
4745585
4745915
4749196
4750117
4753397
4754191
4756394
4756503
4756749
4759077
4760433
4762563
4765137
4766207
4768029
4768734
4768866
4770570
4772453
4772533
4773564
4773970
4774801
4774826
4776836
4776852
4778151
4778891
4779438
4780938
4782291
4782512
4782701
4783322
4783618
4784982
4785517
4785777
4785968
4789432
4791833
4792496
4794975
4795198
4795423
4798605
4800290
4801249
4803558
4805175
4805571
4805891
4807928
4808341
4810472
4810710
4811983
4813645
4814032
4814507
4815434
4816605
4817530
4819958
4821182
4821227
4821590
4822268
4822862
4822937
4824127
4824426
4824914
4825457
4825950
4829449
4830175
4830294
4830711
4832217
4834985
4836456
4836743
4837507
4838146
4838788
4839756
4840347
4842529
4842793
4843274
4843536
4845580
4845661
4845695
4845906
4846291
4847591
4851255
4851823
4851914
4852730
4853581
4857152
4857309
4857816
4858222
4859244
4859843
4860602
4861420
4861829
4861843
4862214
4862281
4862795
4863981
4864517
4866647
4867103
4868693
4868847
4870374
4870604
4872031
4875311
4875616
4875976
4878985
4879269
4881661
4882348
4882976
4886049
4886493
4887508
4888292
4890230
4890443
4891334
4893019
4893487
4894688
4895165
4896132
4896494
4899030
4899316
4900695
4901636
4903657
4904255
4904680
4905442
4906660
4907417
4907486
4909431
4910521
4911013
4911272
4911968
4912800
4913568
4915305
4915548
4915639
4917830
4919406
4920140
4923006
4923202
4923428
4923540
4923618
4925736
4925980
4926908
4927437
4927808
4927866
4931195
4931698
4931707
4932139
4933651
4934093
4934371
4934899
4938040
4940424
4943677
4951180
4952365
4952741
4953270
4953295
4953719
4955035
4955401
4955584
4955680
4955706
4956120
4956286
4959423
4964618
4967677
4967789
4968280
4968391
4968834
4969586
4970199
4970806
4972032
4974133
4974250
4977594
4978329
4979212
4980039
4980731
4980993
4981741
4982026
4982308
4982848
4984482
4984704
4985778
4986064
4986516
4986910
4989696
4989892
4989964
4990759
4991874
4992431
4995028
4995057
4995205
4995523
4996344
4996534
4997184
4997824
4999577
5000041
5002102
5002656
5002945
5003643
5004611
5006201
5006226
5007202
5007403
5007667
5008159
5011503
5011993
5014197
5014222
5014354
5014425
5015837
5018605
5019086
5019437
5028067
5029084
5029306
5030116
5030996
5032599
5035461
5035862
5036200
5044166
5044571
5045500
5046910
5048374
5048715
5048917
5049978
5052162
5053314
5055715
5058047
5058237
5058752
5059413
5060767
5061350
5063775
5063892
5064683
5065151
5066020
5066533
5066899
5068776
5068863
5071652
5071935
5074472
5076841
5077627
5079567
5081518
5082723
5082790
5084450
5084599
5087553
5089153
5089203
5089510
5089900
5090566
5091588
5092854
5092961
5093951
5095035
5097699
5100657
5101188
5103539
5103587
5104514
5106079
5114607
5119601
5121775
5123493
5125917
5126795
5127985
5128642
5128827
5129644
5129994
5131225
5132459
5133193
5135433
5141214
5144994
5148768
5149355
5150256
5150407
5150601
5150727
5152233
5152890
5154010
5154790
5156287
5158915
5159878
5160168
5160683
5164031
5166311
5167085
5169278
5169544
5170298
5173926
5175580
5185429
5185804
5185979
5186175
5186215
5192627
5193043
5197082
5197346
5198246
5199655
5199682
5201523
5202438
5202577
5202717
5203321
5204887
5207795
5208172
5208275
5209386
5209663
5209899
5210107
5212301
5214275
5215280
5218185
5222822
5223045
5223097
5225139
5228064
5228423
5228776
5229528
5229969
5230600
5230880
5231245
5231427
5233103
5233268
5233593
5234689
5236523
5237477
5238265
5238375
5240108
5240123
5242202
5242526
5242932
5245314
5245365
5246786
5249795
5250587
5251713
5253828
5255348
5255513
5256217
5257517
5259580
5261269
5263281
5264572
5265066
5265337
5268495
5270130
5270456
5273039
5273340
5273405
5273514
5274459
5274884
5274917
5275366
5276359
5277572
5277905
5277932
5279673
5280565
5280749
5281025
5281251
5281621
5283393
5285474
5287128
5288179
5288264
5288648
5289229
5290415
5292500
5293961
5296683
5296820
5300912
5301019
5301661
5301840
5302304
5302494
5303933
5304572
5304624
5304744
5307250
5307677
5308041
5308176
5308666
5308810
5309628
5312610
5313582
5314033
5316868
5318066
5319396
5320225
5322444
5322549
5323358
5325125
5325351
5325435
5325506
5325632
5325836
5328110
5328975
5330977
5331564
5331688
5332040
5332747
5332869
5332900
5333043
5333745
5334226
5335637
5336670
5339667
5339950
5340174
5342514
5343475
5343656
5345280
5345608
5347908
5350613
5351971
5352383
5352504
5355136
5356643
5357996
5358469
5359173
5359596
5359908
5362558
5364427
5365126
5366130
5366735
5367531
5367959
5368191
5368903
5369299
5369573
5370191
5373115
5374117
5374412
5375856
5376804
5378108
5379447
5383667
5385603
5386360
5386500
5386694
5386908
5388198
5393438
5395355
5397519
5399071
5399625
5402838
5403600
5403905
5404063
5406803
5408695
5410463
5411880
5413016
5413755
5415028
5416933
5416967
5421030
5421847
5421935
5422067
5422157
5422253
5424200
5424734
5425414
5425874
5426170
5428913
5429121
5429555
5429803
5430980
5435074
5436940
5437102
5437143
5437318
5447404
5449556
5453288
5453867
5454227
5454895
5455885
5456272
5456310
5456586
5457442
5462125
5462900
5465764
5466019
5468028
5468205
5469338
5469600
5470196
5470838
5470929
5473020
5474702
5478528
5478753
5482043
5489433
5490339
5491108
5491388
5491529
5492867
5493439
5493894
5495735
5496903
5497468
5499205
5499822
5499895
5500917
5501089
5501683
5501924
5503865
5503923
5504274
5504409
5504901
5505513
5506059
5506442
5506831
5508528
5511197
5511209
5512169
5512831
5513196
5514039
5514138
5515583
5516033
5517102
5518616
5518851
5518928
5519885
5525803
5528772
5528809
5530692
5530788
5531501
5534549
5535473
5536941
5537478
5537491
5538263
5538720
5539963
5540093
5542071
5544298
5544589
5545109
5545432
5547014
5547076
5547971
5548456
5549190
5553475
5554755
5556513
5556607
5557640
5557750
5557912
5558338
5559590
5560580
5560592
5560656
5561410
5561575
5562413
5562897
5563013
5564369
5566087
5566635
5567877
5571786
5572575
5573185
5574242
5574877
5578661
5579066
5580964
5584689
5585781
5585988
5588312
5588918
5589437
5589607
5589759
5590888
5592638
5593389
5594758
5595454
5596187
5596482
5599092
5600450
5601092
5601376
5602323
5603071
5603086
5604258
5604785
5605386
5609202
5609927
5610292
5611054
5611734
5621149
5621678
5622546
5623881
5624520
5624577
5624702
5626874
5626983
5632509
5632584
5632759
5633619
5635147
5636796
5638702
5639294
5643303
5644367
5644531
5645291
5648070
5649608
5650922
5651181
5651623
5655482
5656134
5658032
5658220
5658962
5660868
5661297
5662359
5662827
5664335
5664746
5664939
5665525
5668443
5669054
5670941
5671201
5671907
5671925
5672113
5672138
5672210
5672262
5672528
5672654
5673005
5673553
5673613
5673703
5674485
5675456
5682280
5682484
5682760
5684191
5684823
5686234
5687559
5688485
5689912
5690535
5694768
5696862
5703688
5703956
5704714
5707478
5707707
5709552
5710948
5712308
5712506
5712784
5713547
5715842
5716661
5718789
5719465
5719950
5720373
5720482
5723232
5723917
5726666
5728458
5730870
5731627
5735522
5735570
5737397
5737554
5739466
5743136
5743624
5746987
5748117
5750558
5751841
5753926
5754085
5754145
5755490
5758924
5759584
5761710
5762894
5763039
5763273
5763315
5763725
5763882
5765756
5768468
5769485
5776080
5777809
5778495
5779061
5780265
5780390
5781321
5781878
5781949
5784068
5784411
5784469
5784829
5785199
5786164
5786494
5787145
5787828
5788723
5789392
5790799
5790872
5791133
5793418
5793455
5794127
5795991
5797804
5798452
5798817
5800588
5801992
5804724
5806844
5807975
5808403
5809003
5810162
5815731
5819878
5823018
5823079
5824159
5824360
5826278
5828131
5828510
5828619
5828627
5829218
5829556
5829734
5829773
5830552
5832341
5833491
5834590
5834856
5836373
5837853
5838209
5838694
5839101
5839303
5840656
5841030
5844178
5845481
5849830
5852395
5853392
5853838
5853986
5858401
5859015
5859709
5860406
5860813
5862172
5862724
5864364
5864754
5864786
5865191
5867832
5867931
5869064
5869293
5871158
5871342
5873178
5874362
5875791
5875951
5876143
5876656
5878960
5879501
5882663
5884300
5886214
5887039
5888793
5889994
5891364
5893919
5895665
5897296
5897607
5897616
5897839
5898714
5899602
5901867
5902334
5902752
5903391
5904842
5905580
5905592
5910527
5910718
5911378
5914323
5915215
5916247
5916966
5917823
5918837
5919051
5921272
5922301
5924662
5924913
5925495
5925888
5927689
5928073
5928403
5929551
5930102
5930160
5931575
5933433
5936012
5938101
5939261
5939876
5942019
5942695
5944057
5945072
5945351
5948951
5949411
5950427
5950446
5950774
5952646
5953607
5953903
5954061
5954240
5955555
5956046
5956730
5958902
5959744
5961395
5961874
5962582
5963239
5964837
5965575
5968560
5968704
5971814
5972152
5972624
5973227
5974090
5974372
5978105
5979214
5980118
5980737
5982137
5983145
5983541
5986465
5986849
5987022
5987070
5987112
5987748
5987752
5988012
5988969
5989490
5989516
5990803
5991765
5992976
5993116
5993756
5994501
5995297
5995581
5996411
6000043
6000098
6000304
6000930
6001347
6002764
6003303
6006228
6006559
6007920
6008144
6008793
6008805
6009413
6009717
6011194
6011697
6013320
6014400
6014736
6016396
6016670
6019594
6019849
6020819
6023368
6023551
