1000861
1000929
1002365
1003020
1004378
1007496
1013512
1014210
1014707
1015420
1015452
1016067
1017285
1017341
1018426
1018625
1019967
1020394
1020725
1021404
1024294
1026906
1027157
1028895
1029428
1029540
1029991
1030377
1031298
1031633
1032256
1033697
1034333
1034638
1034889
1038095
1038345
1041568
1041622
1043094
1043820
1045483
1046074
1046578
1046621
1047232
1047652
1048114
1048422
1049070
1053005
1053757
1057783
1058403
1059100
1059587
1060815
1060962
1061587
1062176
1064538
1064584
1064914
1065298
1067089
1067402
1068223
1069727
1073361
1076173
1076329
1077279
1087700
1087854
1089680
1090079
1092894
1092906
1093245
1093882
1093993
1095443
1095893
1096502
1096560
1097476
1097499
1097816
1098615
1100868
1105050
1105507
1106406
1106636
1107016
1110303
1114627
1114924
1115665
1115883
1116238
1119372
1120402
1122432
1122491
1122557
1122716
1124172
1124303
1124938
1126494
1126903
1126999
1130507
1131250
1131677
1132409
1132470
1133832
1134692
1134957
1135309
1135624
1136090
1138477
1139069
1140438
1144758
1145941
1146482
1148284
1148533
1151995
1152747
1154657
1154953
1155284
1156638
1157798
1158648
1159202
1160119
1161476
1162425
1165291
1166795
1167156
1168603
1169096
1169639
1171908
1172880
1175328
1175634
1176067
1177186
1178426
1178547
1179646
1180325
1182886
1183360
1184963
1186045
1186286
1186849
1188405
1188450
1191355
1192692
1193072
1194010
1194708
1194927
1195530
1198249
1199441
1199676
1199827
1199907
1200365
1200485
1200995
1201114
1201292
1202030
1202227
1204180
1207369
1208050
1209503
1211217
1212188
1213158
1213376
1214117
1214293
1214656
1215445
1216116
1216619
1216678
1218123
1218793
1218949
1219142
1219926
1220776
1221196
1222268
1222364
1222470
1222717
1225034
1225395
1226109
1228843
1229360
1233895
1236157
1236199
1238054
1238440
1239192
1239387
1240430
1240775
1242061
1244159
1244658
1246124
1247591
1249377
1249385
1250225
1251385
1251472
1252490
1253337
1254763
1255632
1258990
1261621
1263393
1265270
1266382
1267225
1268133
1268246
1268652
1268726
1269892
1271230
1274199
1274383
1274612
1275625
1277237
1279269
1279285
1282393
1282674
1283072
1283203
1283344
1283650
1284600
1285259
1285483
1288364
1288690
1289676
1289805
1289968
1295520
1295806
1297121
1297329
1297431
1297449
1298286
1299368
1299462
1303241
1304676
1304974
1305431
1305596
1306516
1306638
1308895
1308986
1310207
1311035
1311773
1313259
1313774
1314219
1317919
1319782
1319860
1321506
1321836
1323197
1323209
1323727
1326712
1327657
1328731
1331300
1333001
1333351
1333559
1334370
1335326
1335904
1336330
1337028
1337462
1341006
1341825
1342923
1343578
1344695
1346203
1346683
1349378
1350049
1350527
1350659
1351862
1353120
1354770
1354885
1354982
1355272
1355294
1355832
1356524
1357146
1357348
1358408
1358815
1359716
1361514
1361530
1361643
1361904
1363548
1364386
1365102
1365220
1365988
1366028
1366030
1367411
1367860
1367947
1368713
1370387
1371139
1371306
1371907
1373220
1373568
1374092
1374208
1374835
1375130
1376556
1376875
1378874
1379421
1379789
1379917
1384218
1384680
1386090
1388645
1389966
1390878
1391093
1391567
1392481
1392751
1393838
1394427
1397382
1399366
1399713
1402821
1403190
1403711
1406952
1408829
1409500
1409908
1409912
1409987
1410037
1410390
1410683
1410738
1412210
1412602
1412855
1413186
1413396
1413444
1413863
1413959
1414381
1414922
1415536
1415651
1416320
1416788
1418260
1419685
1420031
1420610
1421280
1421735
1422076
1422155
1422196
1422575
1422652
1425665
1426431
1427556
1427797
1428117
1429698
1430356
1433409
1433511
1433958
1434524
1435742
1436182
1436758
1437733
1437779
1438063
1438417
1441261
1442322
1442655
1443935
1444977
1446216
1446687
1449323
1452208
1452251
1452718
1454666
1456088
1456946
1459451
1459728
1459858
1460615
1461412
1463116
1463312
1465259
1466399
1467325
1468675
1469215
1469711
1469846
1470639
1473113
1473483
1474227
1474368
1475545
1477111
1479493
1479606
1480602
1481189
1482471
1483556
1483844
1486083
1486656
1486730
1488205
1488763
1491271
1491874
1496979
1497432
1497841
1498022
1498310
1498373
1498827
1499552
1503920
1504196
1505709
1506665
1507682
1508261
1508425
1510655
1510739
1511478
1511528
1514783
1514814
1515613
1515730
1517208
1520085
1520335
1522930
1524361
1524744
1525340
1525491
1527648
1529345
1530545
1532206
1533171
1534898
1535963
1538465
1538853
1540012
1540090
1541158
1541835
1543304
1543489
1546318
1546574
1547018
1547114
1548141
1549243
1549403
1549428
1550071
1550999
1551347
1552270
1553092
1554815
1554934
1555410
1556545
1557259
1557372
1557841
1559771
1563414
1564722
1565166
1566582
1566783
1567385
1567734
1567976
1569841
1570568
1573334
1574098
1574150
1575442
1575540
1576109
1576977
1577435
1577784
1578970
1579256
1582229
1582457
1585550
1585984
1586292
1586520
1589015
1590133
1591230
1591265
1592477
1593077
1593555
1594806
1595369
1597819
1598109
1599703
1599840
1600431
1601005
1601781
1602851
1606724
1607118
1607246
1607693
1607809
1607856
1609482
1610205
1610392
1610544
1611387
1614484
1615942
1617022
1618075
1618753
1620644
1624264
1624789
1624917
1625683
1625804
1626628
1628783
1629365
1632242
1633981
1634201
1635579
1637937
1638133
1638459
1641263
1642818
1642952
1643396
1643730
1644411
1644835
1645470
1645771
1647197
1647302
1650171
1652520
1653832
1653980
1656629
1658399
1661533
1662104
1662152
1663167
1664326
1664749
1665266
1665381
1665741
1668060
1669168
1670224
1671667
1674906
1675057
1675167
1676281
1676795
1677023
1677491
1678482
1679413
1679484
1683356
1683849
1685681
1686247
1687773
1688129
1688730
1689161
1689394
1690088
1690136
1693216
1694209
1696986
1700063
1701642
1703171
1703703
1705623
1708905
1712267
1712914
1713026
1713559
1714428
1714476
1715358
1716328
1719070
1719949
1722084
1725728
1726488
1726943
1727266
1727583
1727741
1728683
1729556
1730873
1731241
1731561
1733297
1733542
1733671
1734065
1734227
1735900
1740300
1740609
1740799
1742495
1742760
1742810
1744002
1744035
1745600
1747276
1748074
1748275
1748477
1748938
1749270
1749407
1752667
1753100
1754969
1756593
1757186
1758437
1759116
1760677
1764364
1764651
1765233
1767769
1769032
1769248
1769609
1769997
1771239
1773132
1773377
1773773
1773999
1774022
1774479
1774720
1775069
1775449
1775830
1776553
1778118
1778264
1778998
1780241
1780311
1782881
1784091
1784293
1784475
1786192
1787358
1789207
1791274
1791552
1793905
1796416
1797200
1798568
1800200
1803357
1804135
1804647
1804988
1806344
1807707
1808061
1808240
1808258
1808681
1809130
1810450
1810833
1811411
1814628
1814793
1814850
1816277
1816757
1822104
1822723
1823331
1824008
1826644
1827117
1827439
1827613
1828788
1828976
1830459
1831498
1832469
1832527
1833004
1833048
1833162
1833238
1837883
1838483
1839531
1840287
1843594
1843739
1845022
1846468
1848863
1849855
1850476
1850501
1850816
1851911
1852864
1853128
1853305
1855525
1856473
1856648
1858063
1859561
1861043
1861279
1861458
1861745
1863109
1864421
1865738
1869922
1870416
1870865
1872369
1872823
1879752
1880691
1881112
1881455
1882557
1883248
1883703
1884469
1884947
1885873
1888853
1890412
1890423
1890670
1892055
1895572
1898505
1902708
1904087
1905025
1910906
1910988
1911590
1913334
1913630
1913657
1913850
1915243
1915370
1915563
1918158
1918621
1919987
1920029
1920706
1922828
1923961
1924757
1925620
1926339
1927340
1928263
1928850
1928974
1929798
1929915
1930550
1931495
1933558
1934982
1935263
1936145
1936371
1936842
1937976
1938019
1938487
1938574
1943944
1944165
1944702
1945401
1947614
1948617
1949269
1949277
1951220
1952127
1953588
1953933
1954723
1956697
1956724
1958504
1959258
1961846
1962090
1964995
1966352
1968465
1971245
1971389
1972038
1975396
1977796
1978471
1982609
1982728
1988990
1989092
1990273
1990654
1990985
1995987
1996027
1996143
1996661
1999322
2003258
2003418
2003805
2004119
2005286
2008420
2011704
2011720
2014244
2014469
2016625
2017518
2018313
2018476
2018964
2020817
2023384
2023991
2024037
2024454
2024795
2027071
2027631
2028396
2030946
2031478
2032953
2033157
2033989
2035670
2037163
2037314
2037328
2037886
2038015
2038168
2041803
2043028
2043246
2043368
2043587
2043685
2044195
2044464
2044948
2046639
2047064
2049709
2049836
2050406
2052621
2054690
2054717
2054937
2056572
2062233
2062625
2063168
2063597
2065419
2066782
2066898
2070743
2071999
2072083
2073210
2073259
2076628
2077097
2078020
2078247
2078398
2079101
2079718
2080184
2082996
2087231
2087552
2087577
2089322
2089696
2090200
2090942
2091775
2093606
2094367
2095307
2095884
2097464
2097528
2098334
2098614
2104502
2106889
2108205
2108473
2108669
2111561
2111734
2111866
2112154
2112863
2113044
2113855
2114488
2115804
2117540
2117589
2118069
2119578
2121471
2121588
2125513
2126526
2126594
2126831
2127084
2131143
2131826
2135109
2136025
2136208
2137264
2138067
2139038
2139883
2139891
2140311
2140352
2140668
2142162
2142407
2142453
2142582
2142626
2142791
2143404
2147581
2148598
2151743
2153169
2156658
2158714
2159920
2160831
2160849
2164719
2165355
2166497
2167025
2167381
2168001
2169616
2170026
2170893
2173439
2174452
2174947
2175470
2175520
2176595
2178229
2179758
2180959
2183704
2184132
2185309
2185594
2186259
2186288
2187443
2187605
2195527
2195700
2197083
2199390
2199885
2200176
2200926
2201241
2202695
2204291
2205168
2206681
2207169
2207481
2207618
2208004
2208533
2209662
2210563
2210594
2213608
2213963
2214626
2217053
2221005
2221078
2221801
2226031
2229166
2229535
2231846
2234025
2235447
2236649
2236844
2237764
2237865
2237876
2238600
2238978
2241835
2241871
2241970
2245159
2246135
2246252
2246293
2246801
2250255
2251347
2251744
2253357
2253452
2253697
2254516
2257725
2259639
2261292
2262575
2263395
2264116
2264678
2265496
2265925
2268516
2269879
2270341
2270444
2270815
2270945
2272082
2272292
2274146
2274710
2274745
2274887
2275816
2277107
2277559
2280151
2280345
2280571
2280614
2283349
2283677
2285137
2287757
2290100
2292172
2292208
2292485
2293020
2293354
2294018
2294612
2296136
2296384
2298503
2299466
2300564
2302566
2303193
2304402
2304795
2304848
2305846
2309565
2310653
2311286
2312238
2314248
2314412
2314525
2314781
2315604
2316149
2317301
2317315
2318187
2318215
2318603
2319128
2319675
2322305
2323310
2328031
2328404
2331069
2331596
2331694
2332594
2335477
2337186
2338060
2338489
2339559
2340059
2340515
2343350
2343484
2343859
2343862
2343963
2344987
2345451
2345863
2348375
2349296
2349616
2349890
2350798
2351150
2351887
2351890
2352027
2352858
2356009
2357120
2357136
2357169
2357499
2358371
2358524
2358814
2359621
2359956
2360920
2361700
2363472
2363607
2363631
2363999
2365663
2366730
2367963
2368014
2368227
2368459
2369313
2370155
2373036
2373596
2373783
2374079
2375472
2375674
2376905
2378039
2379171
2381129
2381670
2382734
2384633
2385259
2386357
2386886
2386947
2387575
2387861
2389215
2389272
2390308
2393102
2395623
2395717
2397732
2398442
2398682
2399264
2400284
2401129
2401531
2403885
2406659
2409598
2410737
2411869
2412101
2412436
2414327
2416059
2418629
2420364
2420666
2424291
2424847
2426479
2427831
2427927
2428238
2428615
2428876
2428881
2429115
2429126
2429782
2429995
2430478
2432026
2433352
2434388
2435302
2438003
2440107
2441433
2442792
2443714
2444126
2444172
2444697
2445225
2445915
2446538
2447004
2448775
2449316
2450143
2450776
2452798
2454773
2454887
2455558
2456326
2457037
2458330
2459036
2459121
2460864
2466181
2466806
2467815
2469597
2471501
2473287
2474412
2475392
2476836
2478424
2480469
2480610
2482884
2482917
2484573
2485630
2485878
2487844
2489818
2493067
2494830
2495695
2495997
2496523
2496701
2498308
2499653
2500734
2501499
2502238
2502951
2506174
2506848
2507432
2507576
2510147
2510491
2511755
2513472
2515238
2515474
2518954
2518986
2520681
2523648
2526422
2526470
2527382
2527801
2527815
2527872
2529072
2529836
2529885
2530669
2531174
2531390
2532673
2533159
2535509
2536104
2537657
2538686
2539776
2544559
2545190
2547513
2548117
2548507
2549113
2549195
2549262
2550021
2552681
2555198
2555863
2556587
2557718
2557938
2558996
2559851
2560000
2560225
2561426
2563629
2565149
2565265
2565804
2566502
2566517
2573417
2574298
2574600
2575113
2575557
2575936
2576662
2580402
2580506
2581397
2581931
2583333
2583408
2584621
2587093
2587732
2587750
2588712
2589758
2591685
2591929
2592319
2592350
2592456
2593883
2595313
2595744
2597443
2597460
2597632
2600388
2601261
2601640
2602442
2606702
2607553
2609037
2609387
2611935
2612364
2612901
2613258
2613598
2613748
2614509
2615853
2616109
2616138
2618290
2618452
2620788
2620851
2622209
2623493
2624143
2625421
2626836
2627389
2627780
2631216
2632512
2633633
2634435
2634924
2635418
2636284
2637942
2638382
2638776
2638988
2639206
2639514
2640081
2642357
2644364
2644593
2644639
2644972
2645348
2646361
2646892
2647061
2647748
2648882
2649988
2650857
2652823
2653230
2653242
2654563
2656053
2656477
2657813
2657917
2658114
2660228
2660390
2660836
2661144
2662671
2662936
2663333
2663439
2664984
2665378
2668950
2669462
2670347
2670515
2670537
2670946
2671446
2672603
2672974
2673845
2674966
2675466
2679146
2680754
2685153
2687148
2687202
2689938
2691843
2692402
2693017
2694190
2695579
2695694
2696019
2696382
2696840
2697082
2697760
2699021
2699624
2700508
2700575
2701149
2704103
2705595
2707013
2707362
2708206
2708780
2711567
2712696
2712723
2713604
2715137
2715158
2715208
2718224
2719402
2719795
2722877
2724543
2724657
2725518
2726318
2727754
2728118
2728392
2729097
2729313
2729594
2730086
2730823
2733469
2733519
2737602
2737867
2738263
2738310
2739199
2740048
2740354
2740480
2740791
2741341
2742183
2742942
2743471
2744641
2745427
2746420
2746469
2746909
2747539
2749022
2750804
2752262
2753840
2755176
2755319
2756401
2756538
2756616
2761636
2762593
2762760
2765229
2765641
2770244
2770984
2772998
2773104
2773874
2774131
2777808
2778154
2780679
2780868
2780932
2781184
2781483
2781993
2782362
2782373
2782907
2784121
2784828
2784857
2785695
2786861
2789928
2790364
2792553
2794434
2794459
2795417
2797298
2797679
2800347
2800428
2801985
2802424
2803231
2803729
2807140
2808521
2810101
2810591
2812100
2814678
2815554
2815846
2818894
2819446
2819635
2820443
2820545
2821345
2822731
2823507
2824700
2825292
2825926
2828202
2829167
2831587
2831590
2832859
2833628
2834875
2834942
2835111
2835766
2836273
2836660
2836731
2836911
2837072
2838007
2838049
2839159
2842091
2843602
2843879
2844861
2845869
2847185
2847428
2847978
2848705
2848990
2849287
2849519
2850170
2854112
2854226
2854240
2855085
2857786
2859059
2859983
2860426
2861457
2861499
2861600
2862923
2864027
2864863
2865677
2866214
2868084
2871407
2871791
2871990
2872790
2875194
2875871
2876041
2878241
2879058
2880028
2880081
2882239
2882591
2884901
2886088
2887047
2888012
2890222
2892914
2893089
2893435
2893627
2893852
2894950
2896621
2898383
2898735
2899479
2900852
2902122
2905504
2905958
2906043
2908501
2909421
2910582
2911091
2913323
2914775
2916251
2916583
2917587
2917620
2919359
2920442
2921882
2924596
2924923
2927922
2929547
2930249
2930364
2931458
2932894
2934316
2936190
2936777
2937309
2937849
2938188
2939080
2940799
2942735
2943846
2946090
2946660
2947605
2948303
2950310
2951579
2951626
2952403
2952816
2953652
2954358
2960232
2961510
2963596
2963814
2967013
2967777
2967785
2969318
2969945
2970576
2970800
2972116
2973320
2975048
2975159
2975416
2976959
2978551
2978884
2979751
2981751
2982791
2983290
2985283
2988187
2988294
2990399
2990741
2993097
2993932
2996247
2997914
2998186
2998412
2998959
2999075
3000601
3000842
3001143
3001742
3001826
3001988
3003738
3006469
3008651
3008771
3011836
3012436
3012909
3014103
3016624
3017598
3018012
3018503
3018824
3019858
3020593
3020989
3024512
3025174
3025893
3027499
3027641
3030635
3032366
3032713
3033282
3033890
3034925
3036046
3038182
3039831
3039983
3040040
3040281
3040387
3040619
3041598
3042051
3043171
3046631
3046692
3046762
3046928
3047360
3048708
3049118
3049960
3050439
3052268
3053226
3053345
3053878
3054458
3054674
3055787
3062874
3063462
3064170
3065266
3065420
3065817
3068509
3069299
3070304
3071744
3073208
3074858
3075278
3076037
3076836
3077363
3077528
3081989
3082701
3084174
3085166
3085850
3086213
3087509
3088622
3089195
3089432
3089581
3089698
3089867
3091707
3091725
3092628
3092736
3095046
3096076
3096205
3099150
3101249
3101717
3102028
3104982
3105201
3106329
3106975
3108117
3108160
3109629
3112857
3115155
3115219
3115772
3117800
3118832
3119225
3120568
3121227
3121861
3122130
3122225
3124191
3125501
3129004
3130424
3130819
3131732
3132618
3132946
3133227
3134156
3134170
3134602
3136274
3138377
3138440
3139443
3141948
3143888
3144386
3144876
3145355
3146611
3147404
3150690
3150862
3151029
3154551
3155429
3155918
3156418
3157059
3161779
3165966
3166656
3166894
3166921
3167142
3167569
3167810
3167859
3168374
3169457
3170155
3170445
3170838
3171664
3171941
3172080
3174771
3176641
3177226
3177657
3177681
3179858
3181318
3181959
3182538
3183510
3185109
3185599
3187316
3188810
3192993
3193840
3194420
3194843
3196538
3199081
3200788
3201600
3206924
3208805
3209274
3209690
3211287
3214925
3219235
3219384
3221222
3221500
3221567
3222073
3222120
3222905
3223497
3224206
3224542
3225436
3225697
3226593
3227135
3227277
3227656
3227799
3229545
3230954
3233335
3234096
3234623
3235595
3235607
3236217
3238122
3238557
3239466
3240956
3247060
3247352
3248117
3248379
3250594
3252433
3252642
3253079
3253216
3257606
3257610
3258308
3258770
3262091
3264368
3264847
3264929
3265402
3266215
3266571
3267152
3268085
3269275
3271019
3271293
3273072
3273131
3273168
3273506
3278593
3279535
3281061
3281187
3281560
3281630
3282478
3283198
3291685
3293433
3294903
3297848
3299582
3300413
3301150
3301255
3301556
3302160
3305390
3306190
3306294
3307558
3308764
3308814
3309212
3309223
3310825
3310932
3311138
3311210
3311358
3314209
3315382
3316758
3317505
3317796
3321198
3321248
3321781
3322680
3324868
3325749
3325792
3327196
3327349
3327544
3327998
3328142
3329931
3330281
3331215
3332090
3335447
3335702
3336393
3338059
3339917
3340896
3341913
3342498
3342506
3344968
3345256
3345582
3345705
3346050
3347760
3347873
3348028
3348445
3349476
3357753
3361292
3361585
3362278
3363991
3364265
3364454
3365953
3367903
3368439
3368934
3369911
3371081
3372142
3372552
3373175
3373334
3373345
3373974
3376206
3376262
3377955
3379173
3380215
3381020
3382097
3382696
3386327
3386760
3388823
3390648
3391390
3392303
3393188
3394702
3395957
3397704
3399684
3400112
3401492
3401842
3402021
3402136
3402624
3402633
3402991
3403278
3403763
3405659
3407293
3408369
3408706
3410078
3410129
3410490
3412422
3413748
3414352
3416491
3418016
3419828
3419899
3423610
3425042
3425998
3426510
3426559
3426924
3427259
3428022
3428362
3429327
3429760
3429810
3430080
3431608
3431612
3432099
3433298
3433633
3434058
3434089
3435237
3436386
3436899
3437607
3438198
3438379
3438516
3440685
3442126
3443256
3443317
3445625
3445957
3446111
3446322
3449160
3449962
3450317
3450640
3452200
3452304
3454356
3454499
3457434
3458383
3461263
3462629
3462753
3462855
3464688
3464922
3465834
3467284
3472598
3473690
3477158
3478443
3482143
3486139
3486907
3487010
3487537
3487723
3488036
3488830
3489016
3490340
3490483
3491290
3492941
3499384
3499682
3501405
3502418
3502554
3504468
3504899
3504939
3505252
3505490
3508402
3508893
3509875
3510266
3511157
3511958
3516329
3516814
3517241
3518379
3519427
3519904
3520192
3521151
3521907
3521931
3522288
3526377
3526887
3530204
3530333
3532873
3537955
3538532
3538843
3539830
3540033
3540687
3541146
3541164
3541625
3541631
3545058
3547831
3548302
3549163
3550985
3553267
3554108
3554665
3555705
3556921
3557639
3557873
3558325
3561059
3561618
3561712
3561744
3561905
3562689
3563137
3565392
3565473
3570543
3571990
3572062
3573434
3573943
3573954
3574818
3576305
3577046
3579646
3582016
3582697
3586403
3588087
3589050
3591695
3592304
3592875
3593015
3594034
3595008
3598130
3600417
3600443
3600722
3601187
3603863
3604718
3604835
3607640
3608624
3608708
3609943
3610069
3610197
3610567
3610830
3610923
3611324
3612887
3613877
3616140
3616448
3621565
3621774
3622535
3622769
3624672
3626250
3627477
3629002
3629311
3630644
3633315
3633671
3633780
3636496
3637136
3639909
3640451
3642520
3645006
3645120
3645430
3645868
3646066
3646090
3646671
3649990
3655659
3656897
3658043
3660544
3662115
3663238
3663468
3665224
3667388
3668184
3669046
3670824
3673105
3673146
3673191
3676973
3677199
3677456
3677593
3678445
3678685
3679088
3679229
3679235
3682256
3683452
3683546
3683662
3683970
3684367
3685648
3686443
3687911
3690802
3690860
3694192
3694877
3694893
3695748
3696468
3697218
3699749
3699920
3701380
3701715
3702033
3702346
3703359
3703878
3708290
3708659
3710089
3711819
3714452
3716692
3718097
3718618
3718696
3719028
3719057
3720843
3721702
3722155
3722291
3722508
3723816
3726596
3727561
3730202
3731315
3732084
3732418
3733552
3735553
3740359
3740628
3740777
3741966
3742744
3742766
3742874
3744654
3746409
3746845
3750250
3750353
3750822
3752342
3752591
3753876
3754292
3754346
3754593
3754735
3755692
3755890
3757070
3759046
3760238
3760750
3760975
3761638
3762721
3763089
3763366
3766244
3770082
3770142
3770253
3770915
3770958
3772889
3773818
3776047
3778637
3780686
3780753
3780855
3781411
3782454
3782804
3784151
3784321
3786776
3788133
3789515
3789927
3790279
3790680
3794801
3795488
3797483
3798009
3798070
3798864
3798925
3799520
3799754
3801328
3801365
3801448
3801886
3802402
3804175
3807456
3810207
3810391
3810859
3811808
3813008
3813044
3813824
3814590
3815174
3815918
3816226
3818020
3818093
3818317
3818842
3819688
3826932
3827061
3828210
3828725
3828993
3835993
3837028
3837459
3841034
3841169
3841286
3844656
3847326
3847671
3849810
3853148
3853600
3854562
3854869
3857401
3859528
3861774
3861818
3868498
3869401
3869561
3873451
3873553
3874137
3876183
3876866
3877335
3877975
3878457
3878831
3879902
3881847
3882103
3886565
3888239
3891524
3892572
3895290
3895469
3895802
3896447
3896743
3898060
3898336
3899214
3901738
3902564
3903213
3903857
3903939
3905098
3905178
3907657
3907850
3907992
3908635
3913604
3914315
3914326
3915860
3916079
3917728
3918788
3920008
3920113
3920920
3922063
3922366
3923385
3923710
3923903
3925213
3925238
3928081
3928497
3928954
3929515
3930866
3931682
3932371
3932425
3934781
3935895
3937039
3937297
3937363
3937446
3941129
3941412
3942348
3943900
3944104
3945138
3945920
3947205
3947822
3948199
3948520
3948608
3949785
3951022
3952170
3953032
3954477
3956127
3956304
3956999
3957828
3958169
3958481
3959406
3959669
3965202
3966394
3967351
3967390
3968645
3970115
3971024
3971548
3971786
3973059
3973243
3973790
3974460
3975479
3976689
3976865
3979109
3980169
3980177
3980217
3984541
3984705
3986701
3986726
3987328
3988040
3988573
3988900
3993483
3993993
3995979
3996362
3998966
3999659
4000925
4001615
4002476
4003508
4003551
4003685
4004824
4005564
4005741
4009040
4010220
4012806
4013166
4013916
4013974
4014218
4014352
4014437
4015950
4016774
4016969
4019121
4020054
4023519
4024117
4024757
4025508
4026435
4026852
4028827
4029305
4029577
4029687
4032141
4035009
4035949
4036857
4037426
4039774
4041933
4045745
4046526
4047373
4047388
4047455
4047535
4048725
4050093
4050500
4051609
4051889
4052200
4057167
4057410
4057740
4058651
4059166
4059321
4059362
4059832
4061258
4062206
4062855
4062879
4064275
4066875
4068347
4069794
4070600
4070787
4071389
4071602
4073623
4074261
4074727
4075592
4075757
4076462
4077854
4078836
4079348
4080055
4081233
4082801
4083716
4084196
4085323
4085435
4088425
4090113
4094373
4095145
4095407
4096906
4097253
4098099
4099260
4099618
4101844
4102046
4102333
4103372
4104685
4105058
4105632
4106657
4106699
4106752
4107932
4108145
4110006
4110229
4110356
4111210
4111948
4112433
4114828
4115083
4115580
4115837
4115934
4117578
4118094
4118351
4120004
4124766
4124853
4125432
4126796
4127028
4127133
4129628
4130848
4131139
4134266
4135000
4136035
4136808
4139523
4141357
4144433
4144916
4145732
4146863
4147067
4148179
4150706
4152093
4152492
4154143
4154670
4157581
4157952
4158433
4158603
4159873
4161495
4161651
4161994
4162219
4162856
4162870
4163073
4165628
4166011
4166474
4167150
4170293
4171392
4174035
4175185
4175563
4175633
4176478
4177203
4177417
4179145
4179329
4179518
4180397
4181601
4183459
4185817
4186504
4187083
4191979
4193939
4194413
4194873
4195788
4196807
4197388
4197805
4198156
4198768
4199083
4199622
4200286
4200950
4201464
4204159
4207251
4208784
4208933
4209472
4210314
4212462
4213322
4214869
4214933
4216541
4221891
4222792
4225461
4225989
4228104
4228880
4230487
4230549
4231250
4232128
4232897
4233345
4233748
4234823
4235361
4235618
4237276
4238610
4239500
4239912
4240079
4241401
4242300
4244566
4247618
4247708
4248270
4249115
4250109
4251031
4251290
4252242
4252683
4253957
4255270
4255555
4255596
4256083
4256592
4256988
4257484
4257569
4259298
4259964
4261633
4263621
4264091
4267565
4267707
4269346
4269729
4269754
4271764
4272403
4272430
4272744
4274389
4276548
4277921
4278054
4278489
4279265
4279784
4281192
4282700
4285218
4285561
4288195
4288288
4288503
4288867
4289032
4290689
4292812
4293941
4294309
4295161
4296126
4296290
4296328
4297758
4301298
4302803
4303357
4303436
4306107
4306149
4306709
4306967
4307138
4307557
4307867
4309142
4311163
4311733
4312149
4313773
4315197
4317364
4318182
4319177
4319243
4319501
4321209
4321222
4321261
4321596
4321939
4322010
4322983
4323870
4324008
4324841
4324948
4327475
4330551
4331429
4331900
4331941
4333626
4333951
4334082
4334438
4335060
4336563
4336853
4341470
4341577
4342929
4343356
4344040
4348186
4349635
4350807
4354689
4356155
4356604
4357365
4358471
4362382
4363483
4365691
4366496
4367309
4367600
4369829
4370085
4371050
4373344
4373435
4373443
4373471
4373573
4375725
4376802
4377246
4377763
4378520
4378926
4380242
4384290
4384505
4385130
4385821
4386561
4387011
4387145
4387750
4389368
4389794
4391246
4391648
4394017
4394164
4397709
4398995
4399842
4404208
4404376
4404420
4406401
4407857
4408465
4410011
4411117
4411959
4414088
4414356
4415446
4415450
4416871
4417278
4417512
4418292
4419095
4419496
4420286
4421707
4423438
4423644
4424615
4428664
4430199
4432050
4432863
4432988
4433629
4433643
4437540
4438407
4438828
4438842
4441685
4442484
4443931
4444649
4445880
4447534
4447979
4448223
4449518
4449951
4451162
4455436
4456350
4459058
4461435
4461770
4461820
4461982
4463912
4465721
4465914
4465976
4466655
4468358
4469997
4470985
4471080
4471485
4471767
4473570
4474482
4474752
4477128
4478065
4479202
4480595
4480844
4481384
4485462
4485789
4487138
4487635
4489231
4489862
4491033
4492179
4493313
4496093
4496987
4497282
4498988
4499234
4499617
4499635
4499753
4501251
4502001
4502107
4502811
4502820
4503393
4503680
4504400
4506466
4507041
4508076
4509874
4511150
4512277
4512300
4513389
4513904
4514960
4515811
4516400
4516529
4517919
4520316
4520809
4521131
4521756
4521811
4523188
4523431
4524000
4524305
4524593
4526624
4526978
4527175
4528478
4529531
4531962
4533811
4534104
4536724
4537227
4537620
4538585
4539496
4540178
4540522
4540930
4541682
4542020
4542524
4542582
4544367
4544613
4546214
4547087
4548543
4549926
4551041
4551327
4552030
4555240
4555736
4556329
4556601
4557928
4558252
4558656
4559234
4560313
4562827
4563623
4563862
4566030
4568094
4568276
4569844
4570429
4571056
4571237
4571630
4573945
4574938
4576320
4576458
4576710
4577596
4577912
4581057
4581278
4582937
4584415
4584692
4584957
4585751
4587063
4589004
4589407
4593813
4594896
4596332
4596639
4599107
4600648
4600971
4601852
4602404
4604130
4606537
4608824
4609945
4610084
4610769
4610968
4612751
4614503
4614565
4618043
4621961
4623132
4623311
4625284
4625317
4626046
4627834
4628392
4628620
4629202
4630200
4631229
4633357
4634078
4636192
4637195
4638240
4640803
4642224
4643877
4646493
4646634
4647167
4647566
4648103
4648216
4648346
4649681
4649777
4650203
4655199
4655292
4655364
4656146
4656561
4657354
4658338
4660781
4660801
4661030
4662055
4663190
4666491
4666818
4667460
4667811
4668817
4671994
4672124
4672636
4673831
4674597
4675226
4675535
4675931
4676036
4681301
4681542
4681654
4682543
4683585
4687053
4687621
4687673
4687755
4688072
4688691
4691200
4691218
4691282
4691547
4692285
4694838
4695955
4697766
4698425
4702556
4702692
4703521
4703893
4704338
4704442
4704751
4705530
4705565
4705985
4706126
4707028
4707497
4708079
4709455
4709598
4710278
4710917
4712140
4712659
4712802
4713672
4715649
4716515
4718340
4719064
4721311
4722487
4722695
4724884
4725063
4726883
4728449
4732323
4732924
4733759
4733866
4733957
4734038
4735354
4736439
4738219
4743005
4743285
4744137
4745103
4746200
4749497
4749611
4749789
4750799
4751030
4751434
4752470
4753543
4753657
4754304
4754759
4757454
4757848
4758843
4760418
4760699
4762338
4762946
4763133
4764008
4766378
4766391
4768773
4769153
4770029
4770513
4770797
4771298
4773115
4773381
4773843
4774198
4774531
4776646
4776683
4779280
4779644
4780404
4780621
4781495
4783059
4785748
4787098
4788050
4788220
4788613
4792819
4793754
4794637
4795117
4795171
4798116
4800733
4801438
4802133
4802604
4803816
4804454
4804559
4805144
4805785
4806106
4806134
4806188
4806658
4808408
4808553
4808962
4809969
4810267
4810930
4811766
4811874
4812343
4812857
4813606
4814574
4815182
4818441
4819253
4819391
4820333
4820801
4821669
4822391
4822859
4823345
4826087
4828452
4828697
4829295
4829398
4829828
4829975
4830190
4831077
4833434
4833685
4833986
4835251
4835583
4835718
4836569
4839131
4839747
4840010
4841389
4841464
4842769
4842850
4845091
4846353
4847381
4850103
4851352
4851616
4852580
4852934
4852962
4853985
4855738
4857558
4859610
4860514
4861074
4861621
4862312
4864321
4864529
4865162
4867018
4867612
4867743
4868737
4868954
4872733
4873783
4874292
4874552
4874897
4874963
4876104
4876169
4878337
4879083
4880317
4881921
4881973
4883562
4884442
4884831
4885273
4886673
4887917
4887943
4888225
4888702
4888754
4892483
4893154
4893837
4895926
4896279
4897020
4897270
4898589
4898641
4899590
4899740
4901374
4902176
4902484
4902821
4905152
4905515
4905766
4909567
4909719
4910982
4913466
4913609
4914251
4915207
4917162
4919291
4920126
4920452
4920527
4921511
4921798
4921859
4923589
4924001
4924281
4924351
4924471
4925628
4926036
4927336
4927494
4927812
4927823
4928684
4928801
4929234
4933383
4935102
4936307
4936604
4936685
4937634
4937697
4938149
4938375
4938562
4942395
4945913
4946484
4948183
4948509
4948513
4948668
4949276
4949402
4949982
4950856
4950929
4951498
4951605
4952591
4953222
4953944
4954888
4959988
4961423
4961921
4962183
4963308
4964950
4965109
4966223
4967028
4969038
4972487
4972997
4973800
4973969
4974652
4974929
4975257
4976151
4976628
4979172
4979606
4979829
4982877
4983105
4983930
4986032
4986840
4988196
4990556
4991152
4991202
4993194
4993275
4994396
4996402
4996460
4998785
4999067
4999690
5001311
5002027
5003557
5004182
5004884
5005795
5006166
5007807
5008899
5010286
5011051
5011147
5011170
5011530
5011920
5012201
5013142
5014899
5015396
5016693
5017898
5018375
5022127
5022150
5022653
5022875
5024790
5026583
5026909
5027368
5027669
5028484
5029108
5029359
5029980
5031891
5031992
5032326
5032372
5033396
5034194
5034469
5036233
5037077
5040405
5041115
5042214
5042402
5043233
5045360
5048353
5048960
5049045
5050472
5050721
5052048
5054757
5054826
5057090
5057602
5058334
5058628
5059651
5059675
5063088
5063880
5066052
5068466
5070490
5070889
5071539
5072055
5074890
5075177
5075723
5076221
5079121
5080805
5080974
5082457
5082572
5084301
5084660
5085328
5086585
5089877
5090847
5091795
5092843
5094280
5095191
5096136
5097056
5099236
5099475
5099910
5100022
5100711
5101431
5101453
5102682
5103374
5103693
5105886
5110799
5110889
5111179
5111648
5111856
5112461
5112862
5114043
5115950
5116855
5117174
5118287
5119247
5119398
5121202
5123448
5123546
5123782
5124765
5125042
5125133
5126885
5127464
5127749
5130591
5131114
5131729
5131743
5132772
5133136
5133696
5135061
5135748
5136173
5138198
5138988
5139768
5141015
5141893
5141900
5142208
5144332
5147529
5149324
5149574
5150912
5153836
5154136
5154313
5156275
5158845
5159628
5159793
5160149
5160784
5161793
5163638
5164137
5165157
5166440
5167468
5167689
5168457
5168540
5169030
5169392
5170428
5172310
5173041
5173470
5173675
5173989
5174764
5175872
5176604
5176789
5179463
5179981
5182613
5182997
5183075
5183087
5184076
5185632
5185747
5186630
5187589
5188085
5188371
5188719
5192967
5193105
5194560
5195106
5199946
5200661
5203226
5203359
5204255
5204393
5205481
5206660
5206833
5206841
5207192
5208767
5210001
5210417
5213083
5214984
5216132
5216218
5216734
5220527
5221225
5221378
5221810
5222917
5223476
5230515
5231326
5232190
5232388
5233024
5233327
5235910
5236374
5236587
5238001
5239616
5239668
5241069
5241567
5243219
5244008
5245189
5245420
5246165
5247083
5248710
5253865
5255472
5261050
5261921
5263058
5264624
5265210
5265557
5266673
5267652
5268873
5269769
5270511
5273023
5273731
5274349
5275153
5276598
5279546
5280867
5282588
5282955
5283649
5283653
5284166
5285453
5286186
5287548
5287937
5289021
5289442
5290584
5290839
5292727
5293126
5295445
5295473
5297075
5297716
5298769
5299096
5300247
5301252
5302851
5303605
5304021
5306007
5308989
5309373
5310042
5311747
5312365
5314383
5315054
5316104
5316260
5317112
5318882
5319408
5320897
5321426
5322143
5322367
5322799
5322837
5326187
5326736
5328518
5328951
5329610
5330372
5331275
5331357
5331404
5331493
5333105
5334642
5335431
5336318
5337067
5340257
5340820
5340933
5340967
5341628
5342039
5343341
5344189
5344718
5345937
5348465
5349587
5349895
5351434
5353603
5356768
5357040
5357486
5357900
5358550
5359416
5359425
5360095
5360215
5360777
5360846
5361121
5361881
5363648
5363935
5365645
5366798
5368674
5370150
5371744
5373137
5375677
5376605
5377920
5379364
5379585
5379717
5379798
5379901
5380505
5381055
5381873
5382076
5386828
5386944
5389654
5389768
5390428
5390964
5391427
5393702
5398443
5398924
5399054
5399086
5399150
5399976
5400843
5401114
5401937
5402870
5403136
5403243
5404375
5410164
5410823
5411790
5411991
5412842
5412912
5413275
5418334
5418418
5418479
5418980
5420765
5420889
5420894
5422000
5422103
5422702
5423144
5424146
5424369
5424616
5425120
5425148
5425356
5425853
5426530
5426725
5427344
5428404
5429912
5429975
5431453
5432298
5432624
5432825
5434800
5435404
5435835
5435898
5436702
5437129
5446523
5448784
5448933
5450024
5451071
5455979
5457006
5457384
5460023
5463385
5466300
5467157
5468758
5469193
5470648
5471486
5472194
5475119
5476787
5478075
5482385
5483257
5485985
5488520
5490242
5490265
5492210
5494212
5497555
5500648
5500838
5502755
5503615
5503876
5504548
5504754
5505029
5506088
5508503
5510306
5510433
5511923
5514686
5515452
5519820
5519982
5520075
5520156
5522632
5523017
5523522
5525865
5526324
5526934
5531696
5534355
5534801
5535960
5536276
5536804
5537643
5538061
5538359
5538455
5538748
5539253
5539623
5541487
5542851
5545635
5548717
5549424
5550344
5551400
5551560
5552087
5553091
5553962
5554817
5555456
5556002
5557987
5560204
5560525
5561250
5562972
5563013
5564086
5564616
5565059
5565322
5565679
5566340
5567131
5567722
5568718
5569052
5569425
5571364
5572677
5573347
5573395
5574900
5575151
5576222
5580744
5580880
5581066
5581210
5582175
5582614
5583350
5585656
5585959
5586155
5587328
5590963
5591385
5593491
5593952
5594838
5595040
5596832
5597271
5597641
5599189
5600599
5602001
5602852
5604560
5606490
5608003
5609271
5609600
5610268
5610470
5610593
5613315
5617034
5618004
5618335
5619860
5623912
5624623
5626932
5629367
5630162
5632348
5632957
5634088
5634927
5635122
5636697
5637141
5637155
5638470
5638593
5639827
5640191
5640866
5641120
5641136
5641476
5642145
5642425
5642474
5643189
5648455
5651253
5652929
5653744
5654722
5654869
5658211
5658318
5659066
5660499
5661557
5663079
5664912
5665143
5665379
5666250
5666813
5666954
5667357
5667673
5668026
5669839
5672948
5674194
5674493
5675859
5675940
5676224
5676561
5678034
5679316
5679539
5680815
5681205
5682364
5682644
5685414
5687312
5687738
5689518
5692260
5693291
5693380
5694768
5696280
5697367
5697613
5698930
5700233
5701260
5701964
5703947
5705291
5705368
5706713
5707725
5707824
5708614
5708864
5708974
5709447
5710483
5711381
5711564
5711718
5712967
5713233
5713437
5713570
5713734
5714226
5714769
5715329
5715354
5716171
5717754
5719594
5720777
5723685
5724340
5725163
5726873
5726888
5727078
5727714
5728352
5730133
5730669
5731037
5733162
5735233
5736202
5737263
5737711
5738012
5740404
5742133
5743254
5743946
5745630
5746036
5746173
5746213
5747981
5748248
5751363
5752598
5752949
5753639
5754694
5756648
5757251
5758037
5758339
5760176
5760447
5762160
5762801
5763039
5763581
5766864
5767370
5768069
5768719
5769049
5769074
5769961
5770354
5770899
5771757
5772060
5773299
5775405
5776303
5777406
5778268
5781891
5784947
5785690
5786616
5787077
5787615
5792128
5797918
5798485
5798913
5799343
5799750
5800242
5801240
5803894
5810939
5811248
5811568
5812191
5814481
5815156
5815337
5818409
5818735
5819560
5820790
5821654
5822123
5822345
5825647
5828709
5829890
5830207
5831279
5832032
5832300
5832858
5833340
5834870
5837243
5837950
5839564
5843543
5844320
5844653
5844823
5847149
5851975
5852148
5853250
5853445
5853758
5854358
5855016
5855287
5855886
5858035
5860227
5861836
5861967
5862583
5862995
5863145
5864735
5865721
5866021
5867047
5867190
5870273
5872192
5872770
5873762
5873812
5875842
5876863
5877806
5879062
5881313
5881946
5883634
5885986
5886713
5890898
5891623
5892544
5893097
5893286
5894848
5895424
5896407
5896689
5897463
5898050
5899565
5899867
5900465
5902310
5902832
5906473
5909043
5909311
5910485
5910550
5910835
5912196
5912604
5915144
5916468
5916672
5918248
5919514
5920228
5920471
5920761
5921974
5926119
5927213
5927371
5928152
5928260
5928831
5928946
5929076
5929182
5930622
5934607
5934710
5935177
5936245
5936262
5936478
5936599
5937770
5938053
5939048
5939939
5940096
5942776
5943090
5944030
5946953
5947558
5949194
5949718
5950297
5950824
5951376
5951399
5955474
5955601
5956574
5956703
5956826
5958030
5959059
5961193
5962134
5962814
5963610
5965636
5969675
5970676
5973179
5973205
5973374
5973693
5974138
5975662
5976963
5977475
5978875
5979131
5979351
5980809
5982053
5983828
5987166
5987785
5989117
5993242
5993443
5994045
5994298
5995221
5996938
5997118
5997124
5998873
5999400
5999586
6000218
6001950
6002360
6003275
6003854
6003898
6004300
6004525
6004776
6005459
6006040
6006678
6007879
6010780
6012015
6014482
6015828
6017520
6017702
6018421
6018677
6018685
6018715
6019465
6019696
6021453
6021672
6023182
